1767488835251 1.0319746621391304 0
1767488835258 0.4412667084199594 1
1767488835263 0.6722705865961901 2
1767488835267 0.5350985148022743 3
1767488835272 0.5504443994511063 4
1767488835277 0.43202223270640056 5
1767488835283 0.3702203377933865 6
1767488835300 0.3721193816133372 7
1767488835306 0.3484459073021797 8
1767488835312 0.33004594766179857 9
1767488835318 0.3179196105867407 10
1767488835324 0.3042284348869607 11
1767488835330 0.29296303617524055 12
1767488835335 0.2813208303984004 13
1767488835340 0.27172015668642346 14
1767488835346 0.25897221986226937 15
1767488835352 0.2499193524451487 16
1767488835358 0.24143920306464528 17
1767488835363 0.23214902761728873 18
1767488835369 0.22461424506720495 19
1767488835375 0.21836886394264327 20
1767488835382 0.21218246554931594 21
1767488835387 0.2068865741290471 22
1767488835393 0.20078868294731642 23
1767488835421 0.1945480444185258 24
1767488835427 0.18775975847273751 25
1767488835432 0.18075681814304959 26
1767488835438 0.1748943671436577 27
1767488835445 0.16453570689817923 28
1767488835450 0.15845423628313904 29
1767488835456 0.15427694894762387 30
1767488835462 0.14971191260736702 31
1767488835468 0.1457394726811437 32
1767488835475 0.14273131097800484 33
1767488835481 0.13785881616287393 34
1767488835487 0.13482892322335008 35
1767488835492 0.13265788816540655 36
1767488835498 0.12791814801603116 37
1767488835505 0.12561987343775413 38
1767488835512 0.1224787008095946 39
1767488835519 0.11921856920099023 40
1767488835525 0.11776973464629083 41
1767488835531 0.11658678521894597 42
1767488835538 0.11509675596237927 43
1767488835543 0.11365470059433436 44
1767488835549 0.11182350327539782 45
1767488835556 0.10990504755721525 46
1767488835562 0.1090254990726081 47
1767488835569 0.10660481740879503 48
1767488835575 0.10470999221665167 49
1767488835580 0.10236999392085105 50
1767488835586 0.10102285666029613 51
1767488835593 0.09956960618061124 52
1767488835599 0.0962712763419084 53
1767488835605 0.09535258123947096 54
1767488835613 0.09436651856776714 55
1767488835618 0.09350678291210889 56
1767488835626 0.09140707087728768 57
1767488835680 0.09044782356363197 58
1767488835686 0.08961825864253793 59
1767488835693 0.08826306803865253 60
1767488835698 0.08741861754459226 61
1767488835703 0.08598456773261784 62
1767488835709 0.08543138496301339 63
1767488835716 0.08381868578495229 64
1767488835721 0.08246439538365848 65
1767488835727 0.08125642551643701 66
1767488835732 0.08080303623086721 67
1767488835738 0.07928058393785589 68
1767488835745 0.07678522757862152 69
1767488835751 0.07592819213373278 70
1767488835756 0.07491249908586943 71
1767488835763 0.07397023182760988 72
1767488835768 0.07344110373294731 73
1767488835773 0.07310652723963224 74
1767488835779 0.07225770787988521 75
1767488835783 0.07172310909055375 76
1767488835789 0.0712701203990377 77
1767488835795 0.06991620364874433 78
1767488835800 0.06903948573056762 79
1767488835806 0.06827431142665574 80
1767488835813 0.06723289471612272 81
1767488835819 0.06679175874878633 82
1767488835825 0.06615690670304515 83
1767488835831 0.06520020159171974 84
1767488835837 0.06405238824384199 85
1767488835843 0.06270240848174764 86
1767488835848 0.06134352449113045 87
1767488835854 0.05982703072101524 88
1767488835861 0.05840441555312458 89
1767488835867 0.05761316177895078 90
1767488835873 0.0565848622213142 91
1767488835879 0.055917174963552106 92
1767488835885 0.05512258733597421 93
1767488835891 0.05447074580154515 94
1767488835897 0.053401797035859115 95
1767488835904 0.052816011369618825 96
1767488835909 0.05172915762406787 97
1767488835914 0.050779148562667804 98
1767488835920 0.04969837717734712 99
1767488835251 1.0319746621391304 0
